0.500545310489
792544.074484
5579084.87289
11757213.7049
17774170.2212
16271234.2531
16287705.4086
18908698.51
18622093.7348
18843243.17
18888836.6087
18771669.3622
18656021.3166
18541870.3541
18429194.7152
18317972.9925
18208184.1248
18099807.3905
17992822.4021
17887209.1001
17782947.7473
17680018.9233
17578403.5188
17478082.7305
17379038.0553
17281251.2854
17184704.503
17089380.0755
16995260.6503
16902329.1502
16810568.7682
16719962.9634
16630495.456
16542150.223
16454911.4935
16368763.7447
16283691.6976
16199680.3124
16116714.7849
16034780.5423
15953863.239
15873948.753
15795023.1821
15717072.8398
15640084.2521
15564044.1536
15488939.4837
15414757.3839
15341485.1934
15269110.4467
0.487621083242
811782.703865
4896613.99377
9365087.87343
16379030.3902
15267010.8333
15076344.165
18760987.8491
18795928.2216
19007545.5388
0.510156448388
773691.228467
5544946.80886
11109184.1245
17138977.1365
15030194.3609
15092696.6748
18577315.3715
18405933.106
18756656.5936
0.474231743629
846754.795354
5354660.05099
10276782.2665
16070685.0669
0.474231743629
0.474231743629
0.474231743629
846754.795354
5354660.05099
10276782.2665
16070685.0669
16209044.3456
15943459.0152
18646274.1595
18836463.6017
19007545.5388
0.474231743629
846754.795354
5354660.05099
10276782.2665
16070685.0669
16209044.3456
15943459.0152
18646274.1595
18836463.6017
19007545.5388
0.474231743629
846754.795354
5354660.05099
10276782.2665
16070685.0669
16209044.3456
15943459.0152
0.474231743629
846754.795354
5354660.05099
0.474231743629
846754.795354
5354660.05099
0.00564211033328
-129.850914539
-39.566504753
143.671002068
-548.869254418
148.034631893
34.9449459081
64.3224418324
0.00564211033328
0.00564211033328
-129.850914539
-39.566504753
143.671002068
-548.869254418
148.034631893
34.9449459081
64.3224418324
185.528910658
246.266309591
0.00106712662781
-0.000298617954765
-0.0441762218404
-0.0280538429419
0.0
-2.77631066734
-47.7622675581
-126.756511513
0.0
-403.6637727
